#usda 1.0
(
    customLayerData = {
        dictionary cameraSettings = {
            dictionary Front = {
                double3 position = (50000, 0, 0)
                double radius = 500
            }
            dictionary Perspective = {
                double3 position = (148.7672716843998, 224.56917479605713, 248.63840704577157)
                double3 target = (-58.55768081181026, 17.244222299847166, 41.3134594980414)
            }
            dictionary Right = {
                double3 position = (0, -50000, 0)
                double radius = 500
            }
            dictionary Top = {
                double3 position = (0, 0, 50000)
                double radius = 500
            }
            string boundCamera = "/OmniverseKit_Persp"
        }
        dictionary navmeshSettings = {
            double agentHeight = 180
            double agentRadius = 20
            bool excludeRigidBodies = 1
            int ver = 1
            double voxelCeiling = 460
        }
        dictionary omni_layer = {
            string authoring_layer = "./karin_tpose.usda"
            dictionary muteness = {
            }
        }
        dictionary renderSettings = {
        }
    }
    defaultPrim = "Karin"
    doc = """Generated from Composed Stage of root layer C:\\Users\\local user\\Downloads\\viconoutput\\Crutches.usd
"""
    endTimeCode = 13110
    startTimeCode = 1
    timeCodesPerSecond = 120
    upAxis = "Z"
)

def Skeleton "Karin" (
    apiSchemas = ["SkelBindingAPI", "ControlRigAPI"]
)
{
    uniform matrix4d[] bindTransforms = [( (1, 0, 0, 0), (0, 1, 0, 0), (0, 0, 1, 0), (0, 0, 0, 1) ), ( (1, 0, -0, 0), (-0, 0.9848077297210693, -0.17364825308322906, 0), (0, 0.17364825308322906, 0.9848077297210693, 0), (0, 0, 8.828654289245605, 1) ), ( (1, 0, -0, 0), (-0, 0.9961947202682495, -0.087155781686306, 0), (0, 0.087155781686306, 0.9961947202682495, 0), (0, -1.5330803394317627, 17.523181915283203, 1) ), ( (1, 0, 0, 0), (0, 1, 0, 0), (0, 0, 1, 0), (0, -2.30254864692688, 26.318239212036133, 1) ), ( (1, 0, 0, 0), (0, 1, 0, 0), (0, 0, 1, 0), (0, -2.30254864692688, 35.14689254760742, 1) ), ( (1, 0, 0, 0), (0, 0.9961947202682495, 0.087155781686306, 0), (0, -0.087155781686306, 0.9961947202682495, 0), (0, -1.167435884475708, 46.49802017211914, 1) ), ( (1, 0, 0, 0), (0, 0.9848077297210693, 0.17364825308322906, 0), (0, -0.17364825308322906, 0.9848077297210693, 0), (0, -0.7864895462989807, 50.852256774902344, 1) ), ( (1, 0, 0, 0), (0, 1, 0, 0), (0, 0, 1, 0), (0, -0.027496008202433586, 55.15671920776367, 1) ), ( (1, 0, 0, 0), (0, 1, 0, 0), (0, 0, 1, 0), (0, -0.027496008202433586, 62.8258171081543, 1) ), ( (3.5762786865234375e-7, 0, 0.9999999403953552, 0), (-0, 1, 0, 0), (-0.9999999403953552, -0, 3.5762786865234375e-7, 0), (0, -2.30254864692688, 43.092681884765625, 1) ), ( (3.5762786865234375e-7, 0, 0.9999999403953552, 0), (-0, 1, 0, 0), (-0.9999999403953552, -0, 3.5762786865234375e-7, 0), (14.390706062316895, -2.30254864692688, 43.09268569946289, 1) ), ( (3.5762786865234375e-7, 0, 0.9999999403953552, 0), (-0, 1, 0, 0), (-0.9999999403953552, -0, 3.5762786865234375e-7, 0), (40.220523834228516, -2.30254864692688, 43.09269714355469, 1) ), ( (3.5762786865234375e-7, 0, 0.9999999403953552, 0), (-0, 1, 0, 0), (-0.9999999403953552, -0, 3.5762786865234375e-7, 0), (62.7664794921875, -2.30254864692688, 43.09270477294922, 1) ), ( (2.980232238769531e-7, -0.7103532552719116, 0.7038452625274658, 0), (-2.9802322387695312e-8, 0.7038452625274658, 0.7103532552719116, 0), (-1, -2.086162567138672e-7, 2.384185791015625e-7, 0), (65.22587585449219, -0.47376692295074463, 41.963470458984375, 1) ), ( (3.5762786865234375e-7, 0, 0.9999999403953552, 0), (-0, 1, 0, 0), (-0.9999999403953552, -0, 3.5762786865234375e-7, 0), (69.32486724853516, -2.365610122680664, 43.09270477294922, 1) ), ( (3.5762786865234375e-7, 0, -0.9999999403953552, 0), (0, 1, 0, 0), (0.9999999403953552, 0, 3.5762786865234375e-7, 0), (0, -2.30254864692688, 43.092681884765625, 1) ), ( (3.5762786865234375e-7, 0, -0.9999999403953552, 0), (0, 1, 0, 0), (0.9999999403953552, 0, 3.5762786865234375e-7, 0), (-14.390706062316895, -2.30254864692688, 43.09268569946289, 1) ), ( (3.5762786865234375e-7, 0, -0.9999999403953552, 0), (0, 1, 0, 0), (0.9999999403953552, 0, 3.5762786865234375e-7, 0), (-40.220523834228516, -2.30254864692688, 43.09269714355469, 1) ), ( (3.5762786865234375e-7, 0, -0.9999999403953552, 0), (0, 1, 0, 0), (0.9999999403953552, 0, 3.5762786865234375e-7, 0), (-62.7664794921875, -2.30254864692688, 43.09270477294922, 1) ), ( (2.980232238769531e-7, 0.7103532552719116, -0.7038452625274658, 0), (2.9802322387695312e-8, 0.7038452625274658, 0.7103532552719116, 0), (1, -2.086162567138672e-7, 2.384185791015625e-7, 0), (-65.22587585449219, -0.47376692295074463, 41.963470458984375, 1) ), ( (3.5762786865234375e-7, 0, -0.9999999403953552, 0), (0, 1, 0, 0), (0.9999999403953552, 0, 3.5762786865234375e-7, 0), (-69.32486724853516, -2.365610122680664, 43.09270477294922, 1) ), ( (1, 0, 0, 0), (0, 1, 0, 0), (0, 0, 1, 0), (11.308871269226074, 0, 0, 1) ), ( (1, 0, 0, 0), (0, 1, 0, 0), (0, 0, 1, 0), (11.308871269226074, 0, -41.19949722290039, 1) ), ( (1, 0, 0, 0), (0, 0.9689124226570129, 0.24740396440029144, 0), (0, -0.24740396440029144, 0.9689124226570129, 0), (11.308871269226074, 0, -76.52804565429688, 1) ), ( (1, 0, 0, 0), (0, 1, 0, 0), (0, 0, 1, 0), (11.308871269226074, 10.99561595916748, -79.33568572998047, 1) ), ( (1, 0, 0, 0), (0, 1, 0, 0), (0, 0, 1, 0), (11.308871269226074, 16.008697509765625, -79.33568572998047, 1) ), ( (1, 0, 0, 0), (0, 1, 0, 0), (0, 0, 1, 0), (-11.308871269226074, 0, 0, 1) ), ( (1, 0, 0, 0), (0, 1, 0, 0), (0, 0, 1, 0), (-11.308871269226074, 0, -41.19949722290039, 1) ), ( (1, 0, 0, 0), (0, 0.9689124226570129, 0.24740396440029144, 0), (0, -0.24740396440029144, 0.9689124226570129, 0), (-11.308871269226074, 0, -76.52804565429688, 1) ), ( (1, 0, 0, 0), (0, 1, 0, 0), (0, 0, 1, 0), (-11.308871269226074, 10.99561595916748, -79.33568572998047, 1) ), ( (1, 0, 0, 0), (0, 1, 0, 0), (0, 0, 1, 0), (-11.308871269226074, 15.440232276916504, -79.33568572998047, 1) )]
    uniform token controlRig:forwardAxis = "Y"
    uniform token[] controlRig:retargetTags = ["", "", "", "", "", "", "", "Head", "", "", "Right_Shoulder", "", "Right_Hand", "", "", "", "Left_Shoulder", "", "Left_Hand", "", "", "Right_Thigh", "", "Right_Foot", "", "", "Left_Thigh", "", "Left_Foot", "", ""]
    uniform matrix4d[] controlRig:retargetTransforms = [( (1, 0, 0, 0), (0, 1, 0, 0), (0, 0, 1, 0), (0, 0, 0, 1) ), ( (1, 0, 0, 0), (0, 0.9848077297210693, 0.17364825308322906, 0), (0, -0.17364825308322906, 0.9848077297210693, 0), (0, 0, 8.828654289245605, 1) ), ( (1, 0, -0, 0), (-0, 0.9961947202682495, -0.087155781686306, 0), (0, 0.087155781686306, 0.9961947202682495, 0), (0, 0, 8.828654289245605, 1) ), ( (1, 0, -0, 0), (-0, 0.9961947202682495, -0.087155781686306, 0), (0, 0.087155781686306, 0.9961947202682495, 0), (0, 0, 8.828654289245605, 1) ), ( (1, 0, 0, 0), (0, 1, 0, 0), (0, 0, 1, 0), (0, 0, 8.828654289245605, 1) ), ( (1, 0, -0, 0), (-0, 0.9961947202682495, -0.087155781686306, 0), (0, 0.087155781686306, 0.9961947202682495, 0), (0, 1.1351126432418823, 11.351126670837402, 1) ), ( (1, 0, -0, 0), (-0, 0.9961947202682495, -0.087155781686306, 0), (0, 0.087155781686306, 0.9961947202682495, 0), (0, 0, 4.370867729187012, 1) ), ( (1, 0, 0, 0), (0, 0.9848077297210693, 0.17364825308322906, 0), (0, -0.17364825308322906, 0.9848077297210693, 0), (0, 0, 4.370867729187012, 1) ), ( (1, 0, 0, 0), (0, 1, 0, 0), (0, 0, 1, 0), (0, 0, 7.669096946716309, 1) ), ( (3.5762786865234375e-7, 0, -0.9999999403953552, 0), (0, 1, 0, 0), (0.9999999403953552, 0, 3.5762786865234375e-7, 0), (0, 0, 7.945788860321045, 1) ), ( (1, 0, 0, 0), (0, 1, 0, 0), (0, 0, 1, 0), (0, 0, 14.390706062316895, 1) ), ( (1, 0, 0, 0), (0, 1, 0, 0), (0, 0, 1, 0), (0, 0, 25.829816818237305, 1) ), ( (1, 0, 0, 0), (0, 1, 0, 0), (0, 0, 1, 0), (0, 0, 22.545957565307617, 1) ), ( (1, 0, -0, 0), (-0, 0.7038453221321106, -0.7103532552719116, 0), (0, 0.7103532552719116, 0.7038453221321106, 0), (1.1292343139648438, 1.8287817239761353, 2.4593961238861084, 1) ), ( (1, 0, 0, 0), (0, 1, 0, 0), (0, 0, 1, 0), (0, -0.0630614385008812, 6.558389663696289, 1) ), ( (3.5762786865234375e-7, 0, 0.9999999403953552, 0), (-0, 1, 0, 0), (-0.9999999403953552, -0, 3.5762786865234375e-7, 0), (0, 0, 7.945788860321045, 1) ), ( (1, 0, 0, 0), (0, 1, 0, 0), (0, 0, 1, 0), (0, 0, 14.390706062316895, 1) ), ( (1, 0, 0, 0), (0, 1, 0, 0), (0, 0, 1, 0), (0, 0, 25.829816818237305, 1) ), ( (1, 0, 0, 0), (0, 1, 0, 0), (0, 0, 1, 0), (0, 0, 22.545957565307617, 1) ), ( (1, 0, -0, 0), (-0, 0.7038453221321106, -0.7103532552719116, 0), (0, 0.7103532552719116, 0.7038453221321106, 0), (-1.1292343139648438, 1.8287817239761353, 2.4593961238861084, 1) ), ( (1, 0, 0, 0), (0, 1, 0, 0), (0, 0, 1, 0), (0, -0.0630614385008812, 6.558389663696289, 1) ), ( (1, 0, 0, 0), (0, 1, 0, 0), (0, 0, 1, 0), (11.308871269226074, 0, 0, 1) ), ( (1, 0, 0, 0), (0, 1, 0, 0), (0, 0, 1, 0), (0, 0, -41.19949722290039, 1) ), ( (1, 0, -0, 0), (-0, 0.9689124226570129, -0.24740396440029144, 0), (0, 0.24740396440029144, 0.9689124226570129, 0), (0, 0, -35.328548431396484, 1) ), ( (1, 0, 0, 0), (0, 0.9689124226570129, 0.24740396440029144, 0), (0, -0.24740396440029144, 0.9689124226570129, 0), (0, 11.348410606384277, 0, 1) ), ( (1, 0, 0, 0), (0, 1, 0, 0), (0, 0, 1, 0), (0, 5.013080596923828, 0, 1) ), ( (1, 0, 0, 0), (0, 1, 0, 0), (0, 0, 1, 0), (-11.308871269226074, 0, 0, 1) ), ( (1, 0, 0, 0), (0, 1, 0, 0), (0, 0, 1, 0), (0, 0, -41.19949722290039, 1) ), ( (1, 0, -0, 0), (-0, 0.9689124226570129, -0.24740396440029144, 0), (0, 0.24740396440029144, 0.9689124226570129, 0), (0, 0, -35.328548431396484, 1) ), ( (1, 0, 0, 0), (0, 0.9689124226570129, 0.24740396440029144, 0), (0, -0.24740396440029144, 0.9689124226570129, 0), (0, 11.348410606384277, 0, 1) ), ( (1, 0, 0, 0), (0, 1, 0, 0), (0, 0, 1, 0), (0, 4.444615840911865, 0, 1) )]
    uniform token controlRig:upAxis = "Z"
    float3[] extent
    uniform token[] joints = ["Hips", "Hips/Spine", "Hips/Spine/Spine1", "Hips/Spine/Spine1/Spine2", "Hips/Spine/Spine1/Spine2/Spine3", "Hips/Spine/Spine1/Spine2/Spine3/Neck", "Hips/Spine/Spine1/Spine2/Spine3/Neck/Neck1", "Hips/Spine/Spine1/Spine2/Spine3/Neck/Neck1/Head", "Hips/Spine/Spine1/Spine2/Spine3/Neck/Neck1/Head/HeadEnd", "Hips/Spine/Spine1/Spine2/Spine3/RightShoulder", "Hips/Spine/Spine1/Spine2/Spine3/RightShoulder/RightArm", "Hips/Spine/Spine1/Spine2/Spine3/RightShoulder/RightArm/RightForeArm", "Hips/Spine/Spine1/Spine2/Spine3/RightShoulder/RightArm/RightForeArm/RightHand", "Hips/Spine/Spine1/Spine2/Spine3/RightShoulder/RightArm/RightForeArm/RightHand/RightHandThumb1", "Hips/Spine/Spine1/Spine2/Spine3/RightShoulder/RightArm/RightForeArm/RightHand/RightHandMiddle1", "Hips/Spine/Spine1/Spine2/Spine3/LeftShoulder", "Hips/Spine/Spine1/Spine2/Spine3/LeftShoulder/LeftArm", "Hips/Spine/Spine1/Spine2/Spine3/LeftShoulder/LeftArm/LeftForeArm", "Hips/Spine/Spine1/Spine2/Spine3/LeftShoulder/LeftArm/LeftForeArm/LeftHand", "Hips/Spine/Spine1/Spine2/Spine3/LeftShoulder/LeftArm/LeftForeArm/LeftHand/LeftHandThumb1", "Hips/Spine/Spine1/Spine2/Spine3/LeftShoulder/LeftArm/LeftForeArm/LeftHand/LeftHandMiddle1", "Hips/RightUpLeg", "Hips/RightUpLeg/RightLeg", "Hips/RightUpLeg/RightLeg/RightFoot", "Hips/RightUpLeg/RightLeg/RightFoot/RightToeBase", "Hips/RightUpLeg/RightLeg/RightFoot/RightToeBase/RightToeBaseEnd", "Hips/LeftUpLeg", "Hips/LeftUpLeg/LeftLeg", "Hips/LeftUpLeg/LeftLeg/LeftFoot", "Hips/LeftUpLeg/LeftLeg/LeftFoot/LeftToeBase", "Hips/LeftUpLeg/LeftLeg/LeftFoot/LeftToeBase/LeftToeBaseEnd"]
    uniform matrix4d[] restTransforms = [( (1, 0, 0, 0), (0, 1, 0, 0), (0, 0, 1, 0), (0, 0, 0, 1) ), ( (1, 0, 0, 0), (0, 0.9848077297210693, 0.17364825308322906, 0), (0, -0.17364825308322906, 0.9848077297210693, 0), (0, 0, 8.828654289245605, 1) ), ( (1, 0, -0, 0), (-0, 0.9961947202682495, -0.087155781686306, 0), (0, 0.087155781686306, 0.9961947202682495, 0), (0, 0, 8.828654289245605, 1) ), ( (1, 0, -0, 0), (-0, 0.9961947202682495, -0.087155781686306, 0), (0, 0.087155781686306, 0.9961947202682495, 0), (0, 0, 8.828654289245605, 1) ), ( (1, 0, 0, 0), (0, 1, 0, 0), (0, 0, 1, 0), (0, 0, 8.828654289245605, 1) ), ( (1, 0, -0, 0), (-0, 0.9961947202682495, -0.087155781686306, 0), (0, 0.087155781686306, 0.9961947202682495, 0), (0, 1.1351126432418823, 11.351126670837402, 1) ), ( (1, 0, -0, 0), (-0, 0.9961947202682495, -0.087155781686306, 0), (0, 0.087155781686306, 0.9961947202682495, 0), (0, 0, 4.370867729187012, 1) ), ( (1, 0, 0, 0), (0, 0.9848077297210693, 0.17364825308322906, 0), (0, -0.17364825308322906, 0.9848077297210693, 0), (0, 0, 4.370867729187012, 1) ), ( (1, 0, 0, 0), (0, 1, 0, 0), (0, 0, 1, 0), (0, 0, 7.669096946716309, 1) ), ( (3.5762786865234375e-7, 0, -0.9999999403953552, 0), (0, 1, 0, 0), (0.9999999403953552, 0, 3.5762786865234375e-7, 0), (0, 0, 7.945788860321045, 1) ), ( (1, 0, 0, 0), (0, 1, 0, 0), (0, 0, 1, 0), (0, 0, 14.390706062316895, 1) ), ( (1, 0, 0, 0), (0, 1, 0, 0), (0, 0, 1, 0), (0, 0, 25.829816818237305, 1) ), ( (1, 0, 0, 0), (0, 1, 0, 0), (0, 0, 1, 0), (0, 0, 22.545957565307617, 1) ), ( (1, 0, -0, 0), (-0, 0.7038453221321106, -0.7103532552719116, 0), (0, 0.7103532552719116, 0.7038453221321106, 0), (1.1292343139648438, 1.8287817239761353, 2.4593961238861084, 1) ), ( (1, 0, 0, 0), (0, 1, 0, 0), (0, 0, 1, 0), (0, -0.0630614385008812, 6.558389663696289, 1) ), ( (3.5762786865234375e-7, 0, 0.9999999403953552, 0), (-0, 1, 0, 0), (-0.9999999403953552, -0, 3.5762786865234375e-7, 0), (0, 0, 7.945788860321045, 1) ), ( (1, 0, 0, 0), (0, 1, 0, 0), (0, 0, 1, 0), (0, 0, 14.390706062316895, 1) ), ( (1, 0, 0, 0), (0, 1, 0, 0), (0, 0, 1, 0), (0, 0, 25.829816818237305, 1) ), ( (1, 0, 0, 0), (0, 1, 0, 0), (0, 0, 1, 0), (0, 0, 22.545957565307617, 1) ), ( (1, 0, -0, 0), (-0, 0.7038453221321106, -0.7103532552719116, 0), (0, 0.7103532552719116, 0.7038453221321106, 0), (-1.1292343139648438, 1.8287817239761353, 2.4593961238861084, 1) ), ( (1, 0, 0, 0), (0, 1, 0, 0), (0, 0, 1, 0), (0, -0.0630614385008812, 6.558389663696289, 1) ), ( (1, 0, 0, 0), (0, 1, 0, 0), (0, 0, 1, 0), (11.308871269226074, 0, 0, 1) ), ( (1, 0, 0, 0), (0, 1, 0, 0), (0, 0, 1, 0), (0, 0, -41.19949722290039, 1) ), ( (1, 0, -0, 0), (-0, 0.9689124226570129, -0.24740396440029144, 0), (0, 0.24740396440029144, 0.9689124226570129, 0), (0, 0, -35.328548431396484, 1) ), ( (1, 0, 0, 0), (0, 0.9689124226570129, 0.24740396440029144, 0), (0, -0.24740396440029144, 0.9689124226570129, 0), (0, 11.348410606384277, 0, 1) ), ( (1, 0, 0, 0), (0, 1, 0, 0), (0, 0, 1, 0), (0, 5.013080596923828, 0, 1) ), ( (1, 0, 0, 0), (0, 1, 0, 0), (0, 0, 1, 0), (-11.308871269226074, 0, 0, 1) ), ( (1, 0, 0, 0), (0, 1, 0, 0), (0, 0, 1, 0), (0, 0, -41.19949722290039, 1) ), ( (1, 0, -0, 0), (-0, 0.9689124226570129, -0.24740396440029144, 0), (0, 0.24740396440029144, 0.9689124226570129, 0), (0, 0, -35.328548431396484, 1) ), ( (1, 0, 0, 0), (0, 0.9689124226570129, 0.24740396440029144, 0), (0, -0.24740396440029144, 0.9689124226570129, 0), (0, 11.348410606384277, 0, 1) ), ( (1, 0, 0, 0), (0, 1, 0, 0), (0, 0, 1, 0), (0, 4.444615840911865, 0, 1) )]
    rel skel:animationSource = None
}

